       
1,1,6,0
       
2,2,7,0
       
3,3,7,0
       
4,4,7,0
       
5,5,7,0
       
6,6,7,0
       
7,7,7,0
       
8,8,7,0
       
9,9,7,0
         
10,10,7,0
         
11,11,6,0
         
12,12,1,0
         
13,13,1,0
         
14,14,1,0
         
15,15,1,0
         
16,16,1,0
         
17,17,1,0
         
18,18,8,0
         
19,19,3,0
         
20,20,3,0
         
21,21,5,0
         
22,22,5,0
         
23,23,5,0
         
24,24,5,0
         
25,25,5,0
         
26,26,5,0
         
27,27,5,0
         
28,28,5,0
         
29,29,5,0
         
30,30,5,0
         
31,31,5,0
         
32,32,5,0
         
33,33,5,0
         
34,34,5,0
         
35,35,5,0
         
36,36,5,0
         
37,37,5,0
         
38,38,5,0
         
39,39,5,0
         
40,40,5,0
         
41,41,5,0
         
42,42,5,0
         
43,43,5,0
         
44,44,5,0
         
45,45,5,0
         
46,46,5,0
         
47,47,5,0
         
48,48,5,0
         
49,49,5,0
         
50,50,5,0
         
51,51,5,0
         
52,52,5,0
         
53,53,5,0
         
54,54,5,0
         
55,55,5,0
         
56,56,5,0
         
57,57,5,0
         
58,58,5,0
         
59,59,5,0
         
60,60,5,0
         
61,61,5,0
         
62,62,5,0
         
63,63,5,0
         
64,64,5,0
         
65,65,5,0
         
66,66,5,0
         
67,67,5,0
         
68,68,5,0
         
69,69,5,0
         
70,70,5,0
         
71,71,5,0
         
72,72,5,0
         
73,73,5,0
         
74,74,5,0
         
75,75,5,0
         
76,76,6,0
         
77,77,1,0
         
78,78,1,0
         
79,79,1,0
         
80,80,1,0
         
81,81,1,0
         
82,82,1,0
         
83,83,1,0
         
84,84,1,0
         
85,85,1,0
         
86,86,1,0
         
87,87,1,0
         
88,88,1,0
         
89,89,1,0
         
90,90,1,0
         
91,91,1,0
         
92,92,1,0
         
93,93,1,0
         
94,94,1,0
         
95,95,1,0
         
96,96,1,0
         
97,97,1,0
         
98,98,1,0
         
99,99,1,0
           
100,100,1,0
           
101,101,1,0
           
102,102,1,0
           
103,103,1,0
           
104,104,1,0
           
105,105,1,0
           
106,106,1,0
           
107,107,1,0
           
108,108,1,0
           
109,109,1,0
           
110,110,1,0
           
111,111,1,0
           
112,112,1,0
           
113,113,1,0
           
114,114,1,0
           
115,115,1,0
           
116,116,1,0
           
117,117,1,0
           
118,118,1,0
           
119,119,1,0
           
120,120,1,0
           
121,121,1,0
           
122,122,1,0
           
123,123,1,0
           
124,124,1,0
           
125,125,1,0
           
126,126,1,0
           
127,127,1,0
           
128,128,1,0
           
129,129,1,0
           
130,130,1,0
           
131,131,1,0
           
132,132,1,0
           
133,133,1,0
           
134,134,1,0
           
135,135,1,0
           
136,136,1,0
           
137,137,1,0
           
138,138,1,0
           
139,139,1,0
           
140,140,1,0
           
141,141,1,0
           
142,142,1,0
           
143,143,1,0
           
144,144,1,0
           
145,145,1,0
           
146,146,1,0
           
147,147,1,0
           
148,148,1,0
           
149,149,1,0
           
150,150,1,0
           
151,151,1,0
           
152,152,1,0
           
153,153,1,0
           
154,154,1,0
           
155,155,1,0
           
156,156,1,0
           
157,157,1,0
           
158,158,1,0
           
159,159,1,0
           
160,160,1,0
           
161,161,1,0
           
162,162,1,0
           
163,163,1,0
           
164,164,1,0
           
165,165,7,0
           
166,166,7,0
           
167,167,7,0
           
168,168,7,0
           
169,169,7,0
           
170,170,7,0
           
171,171,7,0
           
172,172,7,0
           
173,173,7,0
           
174,174,8,0
           
175,175,8,0
           
176,176,8,0
           
177,177,8,0
           
178,178,8,0
           
179,179,8,0
           
180,180,8,0
           
181,181,3,0
           
182,182,3,0
           
183,183,3,0
           
184,184,3,0
           
185,185,3,0
           
186,186,3,0
           
187,187,3,0
           
188,188,3,0
           
189,189,3,0
           
190,190,3,0
           
191,191,3,0
           
192,192,3,0
           
193,193,3,0
           
194,194,3,0
           
195,195,3,0
           
196,196,3,0
           
197,197,3,0
           
198,198,3,0
           
199,199,3,0
           
200,200,3,0
           
201,201,3,0
           
202,202,3,0
           
203,203,3,0
           
204,204,3,0
           
205,205,3,0
           
206,206,3,0
           
207,207,3,0
           
208,208,3,0
           
209,209,3,0
           
210,210,3,0
           
211,211,3,0
           
212,212,3,0
           
213,213,3,0
           
214,214,3,0
           
215,215,3,0
           
216,216,3,0
           
217,217,3,0
           
218,218,3,0
           
219,219,3,0
           
220,220,3,0
           
221,221,3,0
           
222,222,3,0
           
223,223,3,0
           
224,224,3,0
           
225,225,3,0
           
226,226,3,0
           
227,227,3,0
           
228,228,3,0
           
229,229,3,0
           
230,230,3,0
           
231,231,3,0
           
232,232,3,0
           
233,233,3,0
           
234,234,3,0
           
235,235,3,0
           
236,236,3,0
           
237,237,3,0
           
238,238,3,0
           
239,239,3,0
           
240,240,3,0
           
241,241,3,0
           
242,242,3,0
           
243,243,3,0
           
244,244,3,0
           
245,245,3,0
           
246,246,3,0
           
247,247,3,0
           
248,248,3,0
           
249,249,3,0
           
250,250,3,0
           
251,251,3,0
           
252,252,3,0
           
253,253,3,0
           
254,254,3,0
           
255,255,3,0
           
256,256,3,0
           
257,257,3,0
           
258,258,3,0
           
259,259,3,0
           
260,260,4,0
           
261,261,4,0
           
262,262,4,0
           
263,263,5,0
           
264,264,5,0
           
265,265,5,0
           
266,266,5,0
           
267,267,5,0
           
268,268,5,0
           
269,269,6,0
           
270,270,1,0
           
271,271,1,0
           
272,272,1,0
           
273,273,1,0
           
274,274,1,0
           
275,275,1,0
           
276,276,1,0
           
277,277,1,0
           
278,278,1,0
           
279,279,1,0
           
280,280,1,0
           
281,281,1,0
           
282,282,1,0
           
283,283,1,0
           
284,284,1,0
           
285,285,1,0
           
286,286,1,0
           
287,287,1,0
           
288,288,1,0
           
289,289,1,0
           
290,290,1,0
           
291,291,1,0
           
292,292,1,0
           
293,293,1,0
           
294,294,1,0
           
295,295,1,0
           
296,296,1,0
           
297,297,1,0
           
298,298,1,0
           
299,299,1,0
           
300,300,1,0
           
301,301,1,0
           
302,302,1,0
           
303,303,1,0
           
304,304,1,0
           
305,305,1,0
           
306,306,1,0
           
307,307,1,0
           
308,308,1,0
           
309,309,1,0
           
310,310,1,0
           
311,311,1,0
           
312,312,1,0
           
313,313,1,0
           
314,314,1,0
           
315,315,1,0
           
316,316,1,0
           
317,317,1,0
           
318,318,1,0
           
319,319,1,0
           
320,320,1,0
           
321,321,1,0
           
322,322,1,0
           
323,323,1,0
           
324,324,1,0
           
325,325,1,0
           
326,326,1,0
           
327,327,1,0
           
328,328,1,0
           
329,329,1,0
           
330,330,1,0
           
331,331,1,0
           
332,332,1,0
           
333,333,1,0
           
334,334,1,0
           
335,335,1,0
           
336,336,1,0
           
337,337,1,0
           
338,338,1,0
           
339,339,1,0
           
340,340,1,0
           
341,341,1,0
           
342,342,1,0
           
343,343,1,0
           
344,344,1,0
           
345,345,1,0
           
346,346,1,0
           
347,347,1,0
           
348,348,1,0
           
349,349,1,0
           
350,350,1,0
           
351,351,1,0
           
352,352,1,0
           
353,353,1,0
           
354,354,1,0
           
355,355,1,0
           
356,356,1,0
           
357,357,1,0
           
358,358,1,0
           
359,359,1,0
           
360,360,1,0
           
361,361,1,0
           
362,362,1,0
           
363,363,1,0
           
364,364,1,0
           
365,365,1,0
           
366,366,1,0
           
367,367,1,0
           
368,368,1,0
           
369,369,1,0
           
370,370,1,0
           
371,371,1,0
           
372,372,1,0
           
373,373,1,0
           
374,374,1,0
           
375,375,1,0
           
376,376,1,0
           
377,377,1,0
           
378,378,1,0
           
379,379,1,0
           
380,380,1,0
           
381,381,1,0
           
382,382,8,0
           
383,383,8,0
           
384,384,8,0
           
385,385,8,0
           
386,386,8,0
           
387,387,8,0
           
388,388,8,0
           
389,389,8,0
           
390,390,8,0
           
391,391,8,0
           
392,392,8,0
           
393,393,8,0
           
394,394,8,0
           
395,395,8,0
           
396,396,8,0
           
397,397,8,0
           
398,398,8,0
           
399,399,8,0
           
400,400,8,0
           
401,401,8,0
           
402,402,8,0
           
403,403,8,0
           
404,404,8,0
           
405,405,8,0
           
406,406,8,0
           
407,407,8,0
           
408,408,8,0
           
409,409,8,0
           
410,410,8,0
           
411,411,3,0
           
412,412,4,0
           
413,413,4,0
           
414,414,4,0
           
415,415,4,0
           
416,416,5,0
           
417,417,5,0
           
418,418,5,0
           
419,419,5,0
           
420,420,5,0
           
421,421,5,0
           
422,422,5,0
           
423,423,5,0
           
424,424,9,0
           
425,425,9,0
           
426,426,9,0
           
427,427,9,0
           
428,428,9,0
           
429,429,6,0
           
430,430,1,0
           
431,431,1,0
           
432,432,1,0
           
433,433,1,0
           
434,434,1,0
           
435,435,1,0
           
436,436,1,0
           
437,437,1,0
           
438,438,1,0
           
439,439,1,0
           
440,440,1,0
           
441,441,1,0
           
442,442,1,0
           
443,443,1,0
           
444,444,1,0
           
445,445,1,0
           
446,446,1,0
           
447,447,1,0
           
448,448,1,0
           
449,449,1,0
           
450,450,1,0
           
451,451,1,0
           
452,452,1,0
           
453,453,1,0
           
454,454,1,0
           
455,455,1,0
           
456,456,1,0
           
457,457,1,0
           
458,458,1,0
           
459,459,1,0
           
460,460,1,0
           
461,461,1,0
           
462,462,1,0
           
463,463,1,0
           
464,464,1,0
           
465,465,1,0
           
466,466,1,0
           
467,467,1,0
           
468,468,1,0
           
469,469,1,0
           
470,470,1,0
           
471,471,1,0
           
472,472,1,0
           
473,473,1,0
           
474,474,1,0
           
475,475,1,0
           
476,476,1,0
           
477,477,1,0
           
478,478,1,0
           
479,479,1,0
           
480,480,1,0
           
481,481,1,0
           
482,482,1,0
           
483,483,1,0
           
484,484,1,0
           
485,485,1,0
           
486,486,1,0
           
487,487,1,0
           
488,488,1,0
           
489,489,1,0
           
490,490,1,0
           
491,491,1,0
           
492,492,1,0
           
493,493,1,0
           
494,494,1,0
           
495,495,1,0
           
496,496,1,0
           
497,497,1,0
           
498,498,1,0
           
499,499,1,0
           
500,500,1,0
           
501,501,1,0
           
502,502,1,0
           
503,503,1,0
           
504,504,1,0
           
505,505,1,0
           
506,506,1,0
           
507,507,1,0
           
508,508,1,0
           
509,509,1,0
           
510,510,1,0
           
511,511,1,0
           
512,512,1,0
           
513,513,1,0
           
514,514,1,0
           
515,515,1,0
           
516,516,1,0
           
517,517,1,0
           
518,518,1,0
           
519,519,1,0
           
520,520,1,0
           
521,521,1,0
           
522,522,1,0
           
523,523,1,0
           
524,524,1,0
           
525,525,1,0
           
526,526,1,0
           
527,527,1,0
           
528,528,1,0
           
529,529,1,0
           
530,530,1,0
           
531,531,1,0
           
532,532,1,0
           
533,533,1,0
           
534,534,1,0
           
535,535,1,0
           
536,536,1,0
           
537,537,1,0
           
538,538,1,0
           
539,539,1,0
           
540,540,1,0
           
541,541,1,0
           
542,542,1,0
           
543,543,1,0
           
544,544,1,0
           
545,545,1,0
           
546,546,1,0
           
547,547,1,0
           
548,548,1,0
           
549,549,1,0
           
550,550,1,0
           
551,551,1,0
           
552,552,1,0
           
553,553,1,0
           
554,554,1,0
           
555,555,1,0
           
556,556,1,0
           
557,557,1,0
           
558,558,1,0
           
559,559,1,0
           
560,560,1,0
           
561,561,1,0
           
562,562,8,0
           
563,563,8,0
           
564,564,8,0
           
565,565,8,0
           
566,566,8,0
           
567,567,8,0
           
568,568,8,0
           
569,569,8,0
           
570,570,8,0
           
571,571,8,0
           
572,572,8,0
           
573,573,8,0
           
574,574,8,0
           
575,575,8,0
           
576,576,8,0
           
577,577,8,0
           
578,578,8,0
           
579,579,8,0
           
580,580,8,0
           
581,581,8,0
           
582,582,3,0
           
583,583,3,0
           
584,584,4,0
