                            
                             
                             
                              
                              
                              
                              
                              
                                   
                                   
                                     
                                   
                                   
                                   
                                    
                                    
                                   
                                      
                                   
                                     
                                     
                                   
                                   
                                   
                                   
                                   
0,MAIZ,200.0,340.0,30.0,,20.0,,23.0
