     
     
     
     
     
     
     
     
     
     
     
     
     
     
     
     
      
      
      
      
      
      
      
      
      
      
      
      
      
      
      
      
      
      
      
     
     
     
     
     
     
     
     
     
      
      
      
      
      
      
      
      
      
      
      
      
      
      
      
      
      
      
      
      
1,3,0
2,3,1
3,3,2
4,7,0
5,7,1
6,7,2
7,1,0
8,1,1
9,1,2
10,5,0
11,5,1
12,5,2
13,4,0
14,4,1
15,4,2
