                                   
                                        
                                        
                                       
                                            
                                   
                                        
                                        
                                       
                                            
                                    
                                         
                                         
                                        
                                             
                                    
                                       
                                       
                                           
                                            
                                    
                                         
                                         
                                       
                                             
                                    
                                       
                                       
                                    
                                    
                                          
                                           
                                    
                                    
                                         
                                         
                                         
                                            
                                             
                                                
                                                
                                             
                                             
                                                
                                                
                                             
                                             
                                                  
                                                  
                                                 
                                                      
                                             
                                                  
                                                  
                                                 
                                                      
                                                                                                                                                
                                                                                                                     
                                                                                                                   
                                                                
                                                                                                                                                
                                                                                                                     
                                                                                                                   
                                                                
                                            
                                                 
                                                 
                                                
                                                     
                                            
                                                 
                                                 
                                                
                                                     
                                                                                                                                             
                                                                                                                                 
                                                                                                                  
                                                                                                                  
                                                     
                                                                                                                                             
                                                                                                                                 
                                                                                                                  
                                                                                                                  
                                                     
                                            
                                                 
                                                 
                                                
                                                     
                                            
                                                 
                                                 
                                                
                                                     
                                             
                                                
                                                
                                                    
                                                     
                                             
                                                
                                                
                                                    
                                                     
                                             
                                                  
                                                  
                                                
                                                      
                                             
                                                  
                                                  
                                                
                                                      
                                             
                                                
                                                
                                             
                                             
                                                
                                                
                                             
                                             
                                                  
                                                  
                                                 
                                                      
                                             
                                                  
                                                  
                                                 
                                                      
                                                                                                                                                  
                                                                                                                     
                                                                                                                     
                                                                 
                                                                                                                                                  
                                                                                                                     
                                                                                                                     
                                                                 
                                                                                                                                             
                                                                                                                  
                                                                                                                
                                                                                                               
                                                     
                                                                                                                                             
                                                                                                                  
                                                                                                                
                                                                                                               
                                                     
                                                                                                                                             
                                                                                                                                 
                                                                                                                  
                                                                                                                  
                                                     
                                                                                                                                             
                                                                                                                                 
                                                                                                                  
                                                                                                                  
                                                     
                                                                                                                                            
                                                                                                                   
                                                                                                                   
                                                                                                              
                                                     
                                                                                                                                            
                                                                                                                   
                                                                                                                   
                                                                                                              
                                                     
                                                                                                                                              
                                                                                                                                    
                                                                                                                                   
                                                                                                                  
                                                     
                                                                                                                                              
                                                                                                                                    
                                                                                                                                   
                                                                                                                  
                                                     
                                             
                                                  
                                                  
                                                
                                                      
                                             
                                                  
                                                  
                                                
                                                      
                                                                                                                                               
                                                                                                                        
                                                                                                                                  
                                                                                                                                                      
                                                                                                                                               
                                                                                                                        
                                                                                                                                  
                                                                                                                                                      
                                             
                                                  
                                                  
                                                 
                                                      
                                             
                                                  
                                                  
                                                 
                                                      
                                                                                                                                                  
                                                                                                                    
                                                                                                                     
                                                                 
                                                                                                                                                  
                                                                                                                    
                                                                                                                     
                                                                 
                                                                                                                                                 
                                                                                                                                
                                                                                                                  
                                                                                                                
                                                                                            
                                                                                                                                                 
                                                                                                                                
                                                                                                                  
                                                                                                                
                                                                                            
                                                                                                                                                 
                                                                                                                                  
                                                                                                                     
                                                                                                                  
                                                                                            
                                                                                                                                                 
                                                                                                                                  
                                                                                                                     
                                                                                                                  
                                                                                            
                                                                                                                                          
                                                                                                                 
                                                                                                                  
                                                                                                              
                                                                                        
                                                                                                                                          
                                                                                                                 
                                                                                                                  
                                                                                                              
                                                                                        
                                                                                                                                                  
                                                                                                                                    
                                                                                                                                   
                                                                                                                    
                                                                                            
                                                                                                                                                  
                                                                                                                                    
                                                                                                                                   
                                                                                                                    
                                                                                            
                                                                                                                                               
                                                                                                                    
                                                                                                                   
                                                                                                                                
                                                      
                                                                                                                                               
                                                                                                                    
                                                                                                                   
                                                                                                                                
                                                      
                                                                                                                                            
                                                                                                                        
                                                                                                                                  
                                                                                                                                                      
                                                                                                                                            
                                                                                                                        
                                                                                                                                  
                                                                                                                                                      
                                             
                                                  
                                                  
                                                 
                                                      
                                             
                                                  
                                                  
                                                 
                                                      
                                                                                                                                                  
                                                                                                                     
                                                                                                                     
                                                                 
                                                                                                                                                  
                                                                                                                     
                                                                                                                     
                                                                 
                                                                                                                                                  
                                                                                                                                    
                                                                                                                                 
                                                                                                                  
                                                                                               
                                                                                                                                                  
                                                                                                                                    
                                                                                                                                 
                                                                                                                  
                                                                                               
                                                                                                                                                 
                                                                                                                                  
                                                                                                                     
                                                                                                                  
                                                                                            
                                                                                                                                                 
                                                                                                                                  
                                                                                                                     
                                                                                                                  
                                                                                            
                                                                                                                                                
                                                                                                                   
                                                                                                                 
                                                                                                               
                                                                                            
                                                                                                                                                
                                                                                                                   
                                                                                                                 
                                                                                                               
                                                                                            
                                                                                                                                                  
                                                                                                                                   
                                                                                                                                  
                                                                                                                     
                                                                                            
                                                                                                                                                  
                                                                                                                                   
                                                                                                                                  
                                                                                                                     
                                                                                            
                                                                                                                                                 
                                                                                                                 
                                                                                                                 
                                                                                                                                 
                                                                                          
                                                                                                                                                 
                                                                                                                 
                                                                                                                 
                                                                                                                                 
                                                                                          
                                                                                           
                                                                                                                     
                                                                                                                   
                                                  
                                                                                                                 
                                                                                                                                              
                                                                                                                      
                                                                                                                                   
                                                                                                                                                     
25,5,1,7078.480569647517,1437154.862806251,69.0,385.9512195121951,385.9512195121951,2.131707317073171,2.131707317073171,1.0,false,false,true,1
26,5,2,39.43218687196359,25.25393442248996,69.0,1.0,1.0,0.16666666666666666,0.16666666666666666,1.0,false,false,true,2
27,5,3,53.295882334944764,41.68555965488593,69.0,1.0,0.926823612700233,0.5737166590755105,0.5737166590755105,1.0,false,false,true,3
28,5,5,313.2030997051616,2116.0560203285745,69.0,11.582754005972792,11.582754005972792,0.44154179096716406,0.44154179096716406,1.0,false,false,true,5
                                                                                                                                              
                                                                                                                                  
                                                                                                                 
                                                                                                                 
                                                      
10,9,1,1853.2980772861767,713052.4882782865,5.0,492.466277525377,492.466277525377,290.82885965037207,290.82885965037207,1.0,false,false,true,1
11,9,2,3.92336633996384,3.260781715937244,5.0,1.0,0.9870757097076017,0.49999999999999784,0.49999999999999784,1.0,false,true,true,2
12,9,3,4.200249636838984,3.546970790601203,5.0,1.0,0.896064693596438,0.7,0.7306353082174835,1.0,false,true,true,3
13,9,5,46.65116556382149,444.82491775899894,5.0,,11.656108597285126,4.76,7.359029849452734,1.0,false,true,false,5
14,9,12,5.0,5.0,5.0,1.0,,0.85,,10.0,false,true,false,7
                                                                                                                                                  
                                                                                                                   
                                                                                                                    
                                                                  
29,6,1,16397.353757380697,5.438873160845746E7,5.0,3569.487804878049,3569.487804878049,2831.3198343055833,2831.3198343055833,1.0,false,false,true,1
30,6,2,4.857651881703519,4.720991349964854,5.0,1.0,0.9954751131221741,0.9,0.9512195121951219,1.0,false,true,false,2
31,6,3,4.612186891238929,4.255671624747191,5.0,1.0,0.9367355606635395,0.85,0.8953769667390205,1.0,false,true,false,3
32,6,5,115.0,2645.0,5.0,23.0,23.0,23.0,23.0,1.0,false,false,true,5
                                                                                                                                                   
                                                                                                                                     
                                                                                                                                  
                                                                                                                   
                                                                                               
0,1,1,170540.68438962678,9.723876838927871E7,338.0,873.0518862440975,873.0518862440975,2.6612927946475455,2.6612927946475455,1.0,false,false,true,1
1,1,2,238.85516929090232,172.9019274329919,338.0,1.0,0.9902559720674031,0.32435598253042597,0.32435598253042597,1.0,false,true,true,2
2,1,3,288.8902542774609,247.53118826940494,338.0,1.0,0.943259419250235,0.6832335976062556,0.6832335976062556,1.0,false,true,true,3
3,1,5,3724.7346628705122,43757.66342894942,338.0,,16.547511312217168,4.76,0.5913983988105657,1.0,false,true,false,5
4,1,12,338.0,338.0,338.0,1.0,0.9781592415773125,0.75,0.1209603854544763,10.0,false,true,false,7
                                                                                                                                                 
                                                                                                                                  
                                                                                                                     
                                                                                                                  
                                                                                            
33,7,1,1619.5571339401042,146758.1046660654,18.0,103.97593275335305,103.97593275335305,74.49756097560976,74.49756097560976,1.0,false,false,true,1
34,7,2,14.73472829295172,12.116936184046738,18.0,1.0,0.913043478260876,0.7406912341244396,0.7406912341244396,1.0,false,true,true,2
35,7,3,15.909203216707452,14.065098937402796,18.0,1.0,0.9156106775684699,0.8,0.8647843779188615,1.0,false,true,true,3
36,7,5,67.63648460136402,255.1476175433275,18.0,5.0,4.195321168892107,0.0,3.2872470799714226,1.0,false,true,true,5
37,7,12,18.0,18.0,18.0,1.0,0.9393572029664968,0.7,0.7982491756812572,10.0,false,true,false,7
                                                                                                                                                
                                                                                                    
                                                                                                                   
                                                                                                               
                                                                                            
5,8,1,33400.57453670038,2.0377638583992552E7,57.0,860.8593117889809,860.8593117889809,356.0218360839605,356.0218360839605,1.0,false,false,true,1
6,8,2,42.31266823091031,32.177278142213005,57.0,1.0,1.0,0.5,0.5198300019033508,1.0,false,true,true,2
7,8,3,49.77234557073315,43.552908448939284,57.0,1.0,0.9633640336902293,0.7,0.7556904126019693,1.0,false,true,true,3
8,8,5,681.7635988850072,8353.504838316358,57.0,,15.67205756847999,4.76,8.092061017871483,1.0,false,true,false,5
9,8,12,57.0,57.0,57.0,1.0,0.9924894002552636,0.85,0.6501219305779977,10.0,false,true,false,7
                                                                                                                                                  
                                                                                                                                    
                                                                                                                                   
                                                                                                                     
                                                                                            
15,3,1,5494.768421692111,448840.8597385528,84.0,143.27317073170732,143.27317073170732,10.770731707317074,10.770731707317074,1.0,false,false,true,1
16,3,2,62.618409152195824,48.70866240939669,84.0,1.0,0.9666666666666667,0.3774484915158151,0.3774484915158151,1.0,false,false,true,2
17,3,3,71.37591493349147,60.95345351425146,84.0,1.0,0.9460089088115158,0.6625550309436091,0.6625550309436091,1.0,false,false,true,3
18,3,5,277.46610439506424,979.3242396675635,84.0,4.76,4.684134627271605,0.0,1.2341463414634146,1.0,false,true,false,5
19,3,12,84.0,84.0,84.0,1.0,0.8913763430314727,0.5,0.5084645304352592,10.0,false,true,false,7
                                                                                                                                                  
                                                                                                                  
                                                                                                                  
                                                                                                                                 
                                                                                          
20,4,1,1824.534030668266,437095.53173285426,8.0,300.23414634146343,300.23414634146343,126.86967460456515,126.86967460456515,1.0,false,false,true,1
21,4,2,6.150641971236048,4.891135031186036,8.0,1.0,0.9597567667571706,0.5,0.5193263020593054,1.0,false,true,true,2
22,4,3,6.994313684837525,6.130368336759139,8.0,1.0,0.9244155033297684,0.7,0.7770036475984623,1.0,false,true,true,3
23,4,5,56.13147487277962,400.81197924899334,8.0,8.391830087932725,8.391830087932725,4.76,5.6947192236713065,1.0,false,true,true,5
24,4,12,8.0,8.0,8.0,1.0,0.8633377398331298,0.89,0.7063205783639684,10.0,false,true,false,7
