            
                          
                          
           
            
                          
                          
           
             
                          
                          
                         
             
                          
                          
                         
             
                           
                           
                
             
                           
                           
                
              
                          
                           
                           
              
                          
                           
                           
              
                           
                           
                           
              
                           
                           
                           
              
             
                           
                           
              
             
                           
                           
               
                            
                           
                           
               
                            
                           
                           
              
                           
                           
                           
              
                           
                           
                           
            
                           
                           
                           
            
                           
                           
                           
               
                            
                           
                            
               
                            
                           
                            
               
                            
                           
                           
               
                            
                           
                           
              
                            
                            
             
              
                            
                            
             
               
                            
                            
                            
               
                            
                            
                            
              
                            
                            
                            
              
                            
                            
                            
             
                            
                            
              
             
                            
                            
              
              
                            
                            
                            
              
                            
                            
                            
              
             
                            
                            
              
             
                            
                            
              
                            
                            
             
              
                            
                            
             
               
                             
                            
                            
               
                             
                            
                            
             
                            
                           
                            
             
                            
                           
                            
              
                           
                           
             
              
                           
                           
             
              
             
                            
             
              
             
                            
             
               
                            
                            
                           
               
                            
                            
                           
              
                            
                            
             
              
                            
                            
             
             
                            
                            
                             
             
                            
                            
                             
                
                             
                            
                            
                
                             
                            
                            
                
                             
                             
                             
                
                             
                             
                             
                
               
                             
                             
                
               
                             
                             
                
                             
                             
                  
                
                             
                             
                  
                
              
                             
                            
                
              
                             
                            
                
              
                             
                 
                
              
                             
                 
                
                             
                             
                             
                
                             
                             
                             
              
                             
                             
              
              
                             
                             
              
                
                             
                             
                             
                
                             
                             
                             
                
                             
                             
                             
                
                             
                             
                             
               
                             
                            
                             
               
                             
                            
                             
                 
              
                             
                            
                 
              
                             
                            
                 
                             
                             
                            
                 
                             
                             
                            
                 
                             
                            
                             
                 
                             
                            
                             
                 
                             
                             
                            
                 
                             
                             
                            
                 
                             
                             
                            
                 
                             
                             
                            
                 
                             
                             
                            
                 
                             
                             
                            
                 
                             
                             
                            
                 
                             
                             
                            
                 
                             
                             
                             
                 
                             
                             
                             
                 
                             
                             
                            
                 
                             
                             
                            
                 
                             
                             
                             
                 
                             
                             
                             
                 
                   
                            
                           
                 
                   
                            
                           
                 
                             
                             
                             
                 
                             
                             
                             
                 
                             
                             
                            
                 
                             
                             
                            
                 
                             
                             
                            
                 
                             
                             
                            
                 
                             
                             
                             
                 
                             
                             
                             
                 
                             
                             
                            
                 
                             
                             
                            
                 
                             
                             
               
                 
                             
                             
               
                 
                             
                             
               
                 
                             
                             
               
                 
                             
                             
                             
                 
                             
                             
                             
                 
                             
                             
                            
                 
                             
                             
                            
                 
                             
                            
                 
                 
                             
                            
                 
                 
                             
                             
                            
                 
                             
                             
                            
                 
                             
                             
                             
                 
                             
                             
                             
                 
                             
                             
                            
                 
                             
                             
                            
                 
                             
                           
                            
                 
                             
                           
                            
                 
                             
                             
              
                 
                             
                             
              
                 
                             
                             
                            
                 
                             
                             
                            
                 
                             
                             
                             
                 
                             
                             
                             
                 
                             
                             
                            
                 
                             
                             
                            
                 
                             
                            
                             
                 
                             
                            
                             
                 
                             
                             
                  
                 
                             
                             
                  
                 
                             
                             
                            
                 
                             
                             
                            
                 
                             
                             
               
                 
                             
                             
               
                 
                            
                             
               
                 
                            
                             
               
                 
                             
                             
                             
                 
                             
                             
                             
                 
                             
                             
                             
                 
                             
                             
                             
                 
                             
                             
                            
                 
                             
                             
                            
                 
               
                             
              
                 
               
                             
              
                 
                             
                             
                            
                 
                             
                             
                            
                 
                             
                             
                            
                 
                             
                             
                            
                 
                             
                             
                            
                 
                             
                             
                            
                 
                             
                             
                            
                 
                             
                             
                            
                 
                             
                            
                            
                 
                             
                            
                            
                 
                             
                             
                            
                 
                             
                             
                            
                 
                             
                             
                             
                 
                             
                             
                             
                 
               
                             
                            
                 
               
                             
                            
                 
                             
                             
                             
                 
                             
                             
                             
                 
                             
                             
                            
                 
                             
                             
                            
                 
                             
                             
                            
                 
                             
                             
                            
                 
                             
                             
                            
                 
                             
                             
                            
                 
                             
                             
                            
                 
                             
                             
                            
                 
                             
                             
                             
                 
                             
                             
                             
                 
                             
                             
                             
                 
                             
                             
                             
                 
                             
                             
                             
                 
                             
                             
                             
                 
                   
                             
                            
                 
                   
                             
                            
                 
                             
                             
              
                 
                             
                             
              
                 
                             
                             
                            
                 
                             
                             
                            
                 
                             
                            
                            
                 
                             
                            
                            
                 
                             
                             
                           
                 
                             
                             
                           
                 
                             
                             
                            
                 
                             
                             
                            
                 
                             
                             
                            
                 
                             
                             
                            
                 
                             
                            
                             
                 
                             
                            
                             
                 
                             
                             
                            
                 
                             
                             
                            
                  
                 
                              
                             
                  
                 
                              
                             
                  
                              
                              
                             
                  
                              
                              
                             
                  
                              
                             
               
                  
                              
                             
               
                  
                              
                              
                             
                  
                              
                              
                             
                  
                
                              
                             
                  
                
                              
                             
                  
                              
                             
                             
                  
                              
                             
                             
                  
                              
                              
                              
                  
                              
                              
                              
                  
                              
                              
                              
                  
                              
                              
                              
                  
                              
                             
                   
                  
                              
                             
                   
                  
                              
                              
                             
                  
                              
                              
                             
                  
                              
                              
                             
                  
                              
                              
                             
                  
                              
                              
                             
                  
                              
                              
                             
                  
                              
                              
                             
                  
                              
                              
                             
                  
                              
                              
                             
                  
                              
                              
                             
                  
                              
                              
                             
                  
                              
                              
                             
                  
                              
                              
                             
                  
                              
                              
                             
                  
                              
                              
                              
                  
                              
                              
                              
                  
                              
                             
                  
                  
                              
                             
                  
                  
                              
                              
                              
                  
                              
                              
                              
                  
                              
                              
                
                  
                              
                              
                
                  
                              
                              
                             
                  
                              
                              
                             
                  
                              
                             
                             
                  
                              
                             
                             
                  
                              
                              
                             
                  
                              
                              
                             
                  
                              
                              
                             
                  
                              
                              
                             
                  
                              
                              
                             
                  
                              
                              
                             
                  
                    
                              
                              
                  
                    
                              
                              
                  
                              
                              
                
                  
                              
                              
                
                  
                              
                              
                             
                  
                              
                              
                             
                  
                              
                              
                              
                  
                              
                              
                              
                  
                              
                              
                             
                  
                              
                              
                             
                  
                              
                              
                              
                  
                              
                              
                              
                  
                              
                              
                             
                  
                              
                              
                             
                  
                              
                              
                             
                  
                              
                              
                             
                  
                              
                             
               
                  
                              
                             
               
                  
                              
                              
                             
                  
                              
                              
                             
                  
                              
                              
                              
                  
                              
                              
                              
                  
                              
                              
                             
                  
                              
                              
                             
                  
                              
                              
                             
                  
                              
                              
                             
                  
                              
                              
                             
                  
                              
                              
                             
                  
                  
                             
                             
                  
                  
                             
                             
                  
                             
                              
               
                  
                             
                              
               
                  
                              
                              
                              
                  
                              
                              
                              
            
                          
                          
           
                         
                          
1,1,1,28.0,0
2,1,2,0.6765037426978324,1
3,1,3,0.9097120192065399,2
4,1,4,2.0,3
5,1,5,25.16337881917582,4
6,1,6,17.023119950095804,5
             
                         
                          
                          
                           
                           
7,2,1,815.0,0
8,2,2,0.404391314160178,1
9,2,3,0.9615984538474022,2
10,2,4,4.583333333333333,3
11,2,5,148.81420974798417,4
12,2,6,60.179173845695686,5
              
                          
                           
                
                           
                          
13,3,1,888.0,0
14,3,2,0.645615240632392,1
15,3,3,0.8791528533804897,2
16,3,4,3.28125,3
17,3,5,126.41097586541605,4
18,3,6,81.61285260192608,5
              
                           
                           
                           
                          
                          
19,4,1,367.0,0
20,4,2,0.8395530200633874,1
21,4,3,0.9328949001757446,2
22,4,4,1.8421052631578947,3
23,4,5,66.45041043248898,4
24,4,6,79.14974855009382,5
              
                           
                           
                           
                          
                          
25,5,1,342.0,0
26,5,2,0.8424303470431526,1
27,5,3,1.0242812417376599,2
28,5,4,2.0606060606060606,3
29,5,5,72.94859993367442,4
30,5,6,61.45411435843744,5
              
                           
                           
                           
                          
                           
31,6,1,137.0,0
32,6,2,0.8304308981804593,1
33,6,3,0.9925438370727727,2
34,6,4,3.6666666666666665,3
35,6,5,38.75383959110138,4
36,6,6,46.667145545781295,5
               
                           
                           
                           
                          
                          
37,7,1,5043.0,0
38,7,2,0.7080464185052189,1
39,7,3,1.0588068012162095,2
40,7,4,2.5488721804511276,3
41,7,5,273.8634681270115,4
42,7,6,386.7874491974327,5
               
                            
                           
                           
                           
                          
43,8,1,5024.0,0
44,8,2,0.47791999890743375,1
45,8,3,1.1239209758970885,2
46,8,4,3.9342105263157894,3
47,8,5,179.13909408687118,4
48,8,6,374.8307132917613,5
              
                           
                           
                           
                          
                           
49,9,1,199.0,0
50,9,2,0.9970178273064149,1
51,9,3,0.9074401780005013,2
52,9,4,1.6333333333333333,3
53,9,5,49.80276383917578,4
54,9,6,49.654243396789525,5
             
                            
                            
                            
                           
                           
55,10,1,3.0,0
56,10,2,0.6165350356341895,1
57,10,3,1.0053046487786557,2
58,10,4,1.3333333333333333,3
59,10,5,9.930848679357723,4
60,10,6,6.122716144405558,5
               
                            
                           
                            
                          
                            
61,11,1,105.0,0
62,11,2,0.9381273143706641,1
63,11,3,0.902494723574307,2
64,11,4,3.1666666666666665,3
65,11,5,37.4088111079833,4
66,11,6,35.094227498531836,5
               
                            
                           
                           
                           
                           
67,12,1,267.0,0
68,12,2,0.9289000859614175,1
69,12,3,1.020421312450795,2
70,12,4,2.103448275862069,3
71,12,5,60.93012055926579,4
72,12,6,56.59799422514152,5
              
                            
                            
             
                            
                           
73,13,1,15.0,0
74,13,2,0.9903439338171591,1
75,13,3,0.8663047588587935,2
76,13,4,3.0,3
77,13,5,15.232530139817811,4
78,13,6,15.38105058220117,5
              
                            
                            
                            
                            
                           
79,14,1,89.0,0
80,14,2,0.7660606028451654,1
81,14,3,1.0311673257639031,2
82,14,4,1.4642857142857142,3
83,14,5,44.055521051558344,4
84,14,6,33.74919901541466,5
              
                            
                            
                            
                           
                            
85,15,1,60.0,0
86,15,2,0.7607587940330496,1
87,15,3,0.9171362735590185,2
88,15,4,1.5789473684210527,3
89,15,5,33.07668477385869,4
90,15,6,25.163378819172067,5
             
                            
                            
              
                           
                           
91,16,1,4.0,0
92,16,2,0.7669299287321223,1
93,16,3,1.0093602020244459,2
94,16,4,2.25,3
95,16,5,7.616265069910355,4
96,16,6,9.930848679359087,5
              
                            
                            
                             
                             
                            
97,17,1,21.0,0
98,17,2,0.8414384552866405,1
99,17,3,1.1113490544492741,2
100,17,4,1.3571428571428572,3
101,17,5,17.844154634039114,4
102,17,6,21.20672584183285,5
               
                             
                             
                             
                            
                            
103,18,1,34.0,0
104,18,2,0.7893096353014545,1
105,18,3,0.9626192923071422,2
106,18,4,3.8333333333333335,3
107,18,5,19.86169735871556,4
108,18,6,25.16337881917525,5
               
                             
                             
              
                            
                            
109,19,1,34.0,0
110,19,2,0.6019477542426748,1
111,19,3,0.9759627835847977,2
112,19,4,2.5,3
113,19,5,17.84415463403809,4
114,19,6,29.64402559569021,5
                
                            
                             
                             
                            
                            
115,20,1,181.0,0
116,20,2,0.704356416121645,1
117,20,3,1.1072168315650017,2
118,20,4,1.6111111111111112,3
119,20,5,69.21889987073541,4
120,20,6,48.75477624083419,5
              
                             
                            
                             
                             
                            
121,21,1,4.0,0
122,21,2,0.8439009422627787,1
123,21,3,0.990618204600435,2
124,21,4,1.7083333333333333,3
125,21,5,43.531527252385104,4
126,21,6,36.73629686642562,5
               
                             
                            
              
                             
                             
127,22,1,23.0,0
128,22,2,0.8909426959871624,1
129,22,3,0.894577788891115,2
130,22,4,1.5,3
131,22,5,19.861697358715674,4
132,22,6,17.695634191655245,5
               
                             
                             
              
                             
                            
133,23,1,13.0,0
134,23,2,0.5999999999999546,1
135,23,3,0.9714886568253751,2
136,23,4,4.0,3
137,23,5,11.424397604862179,4
138,23,6,19.04066267477174,5
                
                             
                             
                            
                            
                             
139,24,1,174.0,0
140,24,2,0.9827279563880031,1
141,24,3,1.0138399890581977,2
142,24,4,2.888888888888889,3
143,24,5,50.70223099513123,4
144,24,6,51.593353649453775,5
               
                             
                             
              
                            
                            
145,25,1,90.0,0
146,25,2,0.7427426202977251,1
147,25,3,1.0361343747014329,2
148,25,4,2.0,3
149,25,5,30.61358072201915,4
150,25,6,41.21694364293762,5
              
                             
                             
                             
                            
                            
151,26,1,4.0,0
152,26,2,0.7256724690393501,1
153,26,3,1.0521447322918032,2
154,26,4,1.1666666666666667,3
155,26,5,8.437299753853495,4
156,26,6,6.122716144403967,5
                
                             
                            
                            
                            
                             
157,27,1,591.0,0
158,27,2,0.5577903639246679,1
159,27,3,1.020461504099533,2
160,27,4,3.869565217391304,3
161,27,5,59.51500410577455,4
162,27,6,106.69779894909107,5
              
                             
                             
              
                            
                             
163,28,1,5.0,0
164,28,2,0.5432760565345229,1
165,28,3,0.9845056257416505,2
166,28,4,1.9,3
167,28,5,25.83589306073418,4
168,28,6,14.036022099083311,5
                
                             
                             
                             
                            
                            
169,29,1,506.0,0
170,29,2,0.8652889810180104,1
171,29,3,1.1299681958008196,2
172,29,4,2.3823529411764706,3
173,29,5,72.87851196330234,4
174,29,6,84.22447709614994,5
                
                             
                             
                             
                            
                            
175,30,1,131.0,0
176,30,2,0.7563471352423974,1
177,30,3,1.0293135011258694,2
178,30,4,2.5294117647058822,3
179,30,5,47.78522111450047,4
180,30,6,36.14221509687695,5
                
                             
                             
                  
                            
                           
181,31,1,226.0,0
182,31,2,0.5664340562576563,1
183,31,3,1.2797868843781839,2
184,31,4,1.90625,3
185,31,5,71.97904480734337,4
186,31,6,40.7713823157751,5
                
                             
                             
                            
                            
                            
187,32,1,463.0,0
188,32,2,0.5758613962198722,1
189,32,3,0.9549233402912406,2
190,32,4,4.277777777777778,3
191,32,5,54.13489017330056,4
192,32,6,94.00680533312061,5
                
                             
                             
                 
                            
                            
193,33,1,493.0,0
194,33,2,0.8523937018427561,1
195,33,3,0.9545442578456186,2
196,33,4,2.4375,3
197,33,5,68.54638562917944,4
198,33,6,80.41634456119482,5
                
                             
                             
                             
                            
                            
199,34,1,169.0,0
200,34,2,0.6472365074175488,1
201,34,3,1.0352158762743366,2
202,34,4,1.8387096774193548,3
203,34,5,45.76767838982187,4
204,34,6,70.71244879624192,5
              
                             
                             
              
                            
                            
205,35,1,3.0,0
206,35,2,0.9068417621899917,1
207,35,3,1.0526844954475973,2
208,35,4,2.1,3
209,35,5,86.53906070559935,4
210,35,6,78.47723430853239,5
                
                             
                             
                             
                          
                            
211,36,1,262.0,0
212,36,2,0.8763216533332443,1
213,36,3,1.0292559887284642,2
214,36,4,2.3461538461538463,3
215,36,5,65.183814421379,4
216,36,6,57.12198802431021,5
                
                             
                             
                             
                             
                            
217,37,1,510.0,0
218,37,2,0.5138498801768278,1
219,37,3,0.9511627791741174,2
220,37,4,1.6181818181818182,3
221,37,5,112.89894756550962,4
222,37,6,58.01311067862707,5
               
                            
                            
                             
                             
                            
223,38,1,32.0,0
224,38,2,0.932651064096659,1
225,38,3,1.016316271765319,2
226,38,4,1.7692307692307692,3
227,38,5,20.682732042665975,4
228,38,6,22.17628096816543,5
                 
                             
                             
                            
                             
                             
229,39,1,2851.0,0
230,39,2,0.7928561124102462,1
231,39,3,0.8980389743454588,2
232,39,4,4.864864864864865,3
233,39,5,156.05500146110734,4
234,39,6,196.82638377688392,5
                 
                             
                             
                            
                            
                             
235,40,1,1852.0,0
236,40,2,0.9005570793306509,1
237,40,3,0.9428779682883299,2
238,40,4,2.826923076923077,3
239,40,5,137.3113796711101,4
240,40,6,152.47382184055266,5
                 
                             
                            
                             
                             
                            
241,41,1,1109.0,0
242,41,2,0.8365313578826055,1
243,41,3,0.898645589266635,2
244,41,4,2.8048780487804876,3
245,41,5,121.93032908890746,4
246,41,6,101.9985437598167,5
                 
                             
                             
                            
                             
                             
247,42,1,2567.0,0
248,42,2,0.8354078217046845,1
249,42,3,0.9342996958800672,2
250,42,4,6.178571428571429,3
251,42,5,182.33645584900057,4
252,42,6,152.32530139816595,5
                 
                             
                             
                            
                            
                             
253,43,1,2286.0,0
254,43,2,0.8243235652042964,1
255,43,3,0.9321025047288615,2
256,43,4,5.466666666666667,3
257,43,5,147.5392692352416,4
258,43,6,178.98222914284412,5
                 
                             
                             
                            
                             
                            
259,44,1,1782.0,0
260,44,2,0.7447594024979982,1
261,44,3,0.8804048186112113,2
262,44,4,6.409090909090909,3
263,44,5,119.17018415229359,4
264,44,6,160.0116544384465,5
                 
                             
                             
                            
                             
                            
265,45,1,2395.0,0
266,45,2,0.7265522491314585,1
267,45,3,0.8849595620834573,2
268,45,4,4.421052631578948,3
269,45,5,137.68685302789754,4
270,45,6,189.5071595917463,5
                 
                             
                             
                             
                             
                             
271,46,1,2327.0,0
272,46,2,0.9162030733142458,1
273,46,3,0.9216826417794844,2
274,46,4,2.3333333333333335,3
275,46,5,157.47846241623665,4
276,46,6,171.88161337047117,5
                 
                             
                             
                            
                             
                             
277,47,1,2990.0,0
278,47,2,0.8798942250256392,1
279,47,3,0.9459100881384706,2
280,47,4,4.619047619047619,3
281,47,5,177.12155136219053,4
282,47,6,201.29868605175741,5
                 
                            
                             
                             
                            
                             
283,48,1,2989.0,0
284,48,2,0.915746339278682,1
285,48,3,0.9340933593997257,2
286,48,4,2.5584415584415585,3
287,48,5,180.8512514251347,4
288,48,6,197.49055351680488,5
                 
                             
                            
                           
                             
                             
289,49,1,2623.0,0
290,49,2,0.8860919381008855,1
291,49,3,0.904866614540824,2
292,49,4,3.74468085106383,3
293,49,5,179.65474338440237,4
294,49,6,159.19061975450234,5
                 
                             
                             
                             
                             
                            
295,50,1,1725.0,0
296,50,2,0.9413584251689504,1
297,50,3,0.9631700887663522,2
298,50,4,3.1333333333333333,3
299,50,5,133.05768580899638,4
300,50,6,141.3464651204623,5
                 
                             
                             
                            
                             
                             
301,51,1,2059.0,0
302,51,2,0.7686134348051253,1
303,51,3,0.9104247677048136,2
304,51,4,5.769230769230769,3
305,51,5,128.49860656047036,4
306,51,6,167.18235818119672,5
                 
                           
                             
                            
                            
                             
307,52,1,2562.0,0
308,52,2,0.81638904211419,1
309,52,3,0.8793554041443679,2
310,52,4,4.410256410256411,3
311,52,5,187.9435226958708,4
312,52,6,153.43503246524847,5
                 
                             
                             
                             
                             
                             
313,53,1,2234.0,0
314,53,2,0.7024029566274835,1
315,53,3,0.9014578205132318,2
316,53,4,3.9047619047619047,3
317,53,5,132.53369200982388,4
318,53,6,188.68612490780356,5
                 
                             
                             
                            
                            
                           
319,54,1,3051.0,0
320,54,2,0.9425939859078811,1
321,54,3,0.8895197857602422,2
322,54,4,5.515151515151516,3
323,54,5,186.0745004135789,4
324,54,6,175.392705020653,5
                 
                             
                             
               
                            
                            
325,55,1,3103.0,0
326,55,2,0.8702561107225183,1
327,55,3,0.8973486913628824,2
328,55,4,7.52,3
329,55,5,171.3576195712974,4
330,55,6,196.9048162488972,5
                 
                             
                             
               
                             
                             
331,56,1,1779.0,0
332,56,2,0.6511821771909883,1
333,56,3,0.9512611618946973,2
334,56,4,2.98,3
335,56,5,170.16945603220552,4
336,56,6,110.81131687045774,5
                 
                             
                             
                             
                             
                             
337,57,1,2127.0,0
338,57,2,0.9569529416523009,1
339,57,3,0.9323746871385541,2
340,57,4,2.9285714285714284,3
341,57,5,157.47846241623643,4
342,57,6,164.56238918533427,5
                 
                             
                             
                            
                             
                             
343,58,1,2231.0,0
344,58,2,0.9472825315941334,1
345,58,3,0.9184684299408531,2
346,58,4,5.961538461538462,3
347,58,5,146.27267322413434,4
348,58,6,154.41293209321566,5
                 
                             
                            
                 
                             
                            
349,59,1,2715.0,0
350,59,2,0.8937286801157133,1
351,59,3,0.886411216410115,2
352,59,4,5.3125,3
353,59,5,158.29115259854655,4
354,59,6,177.1132068605566,5
                 
                             
                             
                            
                             
                             
355,60,1,1704.0,0
356,60,2,0.9983481095806395,1
357,60,3,0.9707738227034751,2
358,60,4,3.159090909090909,3
359,60,5,137.38981214312264,4
360,60,6,137.16285922872567,5
                 
                             
                             
                             
                             
                             
361,61,1,1400.0,0
362,61,2,0.8435200100645545,1
363,61,3,1.1251179392112816,2
364,61,4,3.1818181818181817,3
365,61,5,142.16749980440852,4
366,61,6,119.92113086586721,5
                 
                             
                             
                            
                             
                            
367,62,1,2650.0,0
368,62,2,0.9614913621384475,1
369,62,3,0.9289733536056659,2
370,62,4,4.837837837837838,3
371,62,5,174.42314989432202,4
372,62,6,167.7063519803703,5
                 
                             
                           
                            
                             
                             
373,63,1,3063.0,0
374,63,2,0.9525544344017121,1
375,63,3,0.89226291854942,2
376,63,4,5.848484848484849,3
377,63,5,193.30694762506505,4
378,63,6,184.13539016091522,5
                 
                             
                             
              
                            
                             
379,64,1,1527.0,0
380,64,2,0.7729679913175443,1
381,64,3,0.9150429108831094,2
382,64,4,4.0,3
383,64,5,116.1830863012915,4
384,64,6,150.30775867349223,5
                 
                             
                             
                            
                            
                             
385,65,1,2897.0,0
386,65,2,0.7358510966224724,1
387,65,3,0.9182583977044926,2
388,65,4,6.413793103448276,3
389,65,5,158.7367139257026,4
390,65,6,215.71852600926718,5
                 
                             
                             
                             
                             
                            
391,66,1,1181.0,0
392,66,2,0.8258405366878466,1
393,66,3,0.9860343991914559,2
394,66,4,2.8636363636363638,3
395,66,5,129.84363504359249,4
396,66,6,107.2301372499013,5
                 
                             
                             
                            
                             
                             
397,67,1,3854.0,0
398,67,2,0.8142119868476263,1
399,67,3,0.9032784710052824,2
400,67,4,5.526315789473684,3
401,67,5,225.04694841744026,4
402,67,6,183.23592300495932,5
                 
                             
                            
                             
                            
                            
403,68,1,2772.0,0
404,68,2,0.7538854746104715,1
405,68,3,0.914447251746569,2
406,68,4,6.7407407407407405,3
407,68,5,201.7525918805552,4
408,68,6,152.0983484837651,5
                 
                             
                             
                  
                             
                            
409,69,1,2467.0,0
410,69,2,0.8133040573821032,1
411,69,3,0.8762271503210725,2
412,69,4,5.28125,3
413,69,5,183.15749053294655,4
414,69,6,148.9627301903696,5
                 
                             
                             
                            
                             
                            
415,70,1,2325.0,0
416,70,2,0.8351233118536737,1
417,70,3,0.9026945420856023,2
418,70,4,4.405405405405405,3
419,70,5,176.66764553339723,4
420,70,6,147.5392692352416,5
                 
                             
                             
               
                             
                             
421,71,1,2197.0,0
422,71,2,0.7193230435118074,1
423,71,3,0.8835500512899284,2
424,71,4,5.75,3
425,71,5,183.00897009055774,4
426,71,6,131.64256935550134,5
                 
                             
                             
               
                            
                            
427,72,1,2715.0,0
428,72,2,0.8705048930449307,1
429,72,3,0.8732946461769143,2
430,72,4,8.75,3
431,72,5,185.6205945847845,4
432,72,6,161.5836358359643,5
                 
                            
                             
                             
                             
                             
433,73,1,3090.0,0
434,73,2,0.833259764427295,1
435,73,3,0.9024896695941438,2
436,73,4,3.0476190476190474,3
437,73,5,170.09936806183055,4
438,73,6,204.13726346038197,5
                 
                            
                             
                             
                             
                             
439,74,1,2527.0,0
440,74,2,0.586283962788468,1
441,74,3,0.8912224763067808,2
442,74,4,3.9347826086956523,3
443,74,5,130.89162264193124,4
444,74,6,223.25635860716375,5
                 
                             
                             
                            
                             
                             
445,75,1,2820.0,0
446,75,2,0.8483205959090728,1
447,75,3,0.9105001356522493,2
448,75,4,8.043478260869565,3
449,75,5,197.34203307441828,4
450,75,6,167.40931109559847,5
                 
                             
                             
              
                            
                           
451,76,1,2196.0,0
452,76,2,0.9302670964931935,1
453,76,3,0.8927927273559173,2
454,76,4,5.0,3
455,76,5,157.3215974722135,4
456,76,6,146.351105696147,5
                 
                             
                             
                            
                            
                             
457,77,1,1539.0,0
458,77,2,0.9717254326197661,1
459,77,3,0.9641349818223548,2
460,77,4,6.173913043478261,3
461,77,5,133.2846387233942,4
462,77,6,137.16285922872225,5
                 
                             
                             
                            
                            
                            
463,78,1,2484.0,0
464,78,2,0.7404998561459922,1
465,78,3,0.9095381330873257,2
466,78,4,4.742857142857143,3
467,78,5,140.2200450501051,4
468,78,6,189.3586391493643,5
                 
                             
                            
                            
                             
                             
469,79,1,2857.0,0
470,79,2,0.9271397739763094,1
471,79,3,0.933868294638322,2
472,79,4,6.777777777777778,3
473,79,5,182.33645584900194,4
474,79,6,169.05138046348497,5
                 
                             
                             
                            
                             
                             
475,80,1,2977.0,0
476,80,2,0.8014201616642207,1
477,80,3,0.9125406015634793,2
478,80,4,5.314285714285714,3
479,80,5,199.28948782872112,4
480,80,6,159.71461355367342,5
                 
                             
                             
                             
                             
                             
481,81,1,2958.0,0
482,81,2,0.7959877200880137,1
483,81,3,0.9061605089533977,2
484,81,4,4.6923076923076925,3
485,81,5,202.80057947890373,4
486,81,6,161.42677089194058,5
                 
                             
                             
                            
                             
                             
487,82,1,2783.0,0
488,82,2,0.9704424696352034,1
489,82,3,0.8923714016864789,2
490,82,4,3.549019607843137,3
491,82,5,171.21744363054734,4
492,82,6,176.43234811735852,5
                 
                             
                             
                             
                             
                             
493,83,1,3299.0,0
494,83,2,0.7769838499218876,1
495,83,3,0.9735899576060436,2
496,83,4,3.2063492063492065,3
497,83,5,223.03775019440297,4
498,83,6,173.29672982396346,5
                 
                             
                             
                            
                            
                             
499,84,1,3027.0,0
500,84,2,0.8248832957961287,1
501,84,3,0.9225828263932114,2
502,84,4,4.045454545454546,3
503,84,5,190.1796738333054,4
504,84,6,156.87603614504974,5
                 
                             
                             
                            
                            
                           
505,85,1,1072.0,0
506,85,2,0.6131542933880603,1
507,85,3,0.9411098994704161,2
508,85,4,2.608695652173913,3
509,85,5,145.1545976554188,4
510,85,6,89.0021647574365,5
                 
                             
                             
                            
                            
                            
511,86,1,3212.0,0
512,86,2,0.8501223226679544,1
513,86,3,0.9322261752089877,2
514,86,4,3.803921568627451,3
515,86,5,171.0689231881638,4
516,86,6,201.2285980813856,5
                 
                             
                             
                            
                             
                            
517,87,1,3116.0,0
518,87,2,0.8296840855216201,1
519,87,3,0.9118955946510676,2
520,87,4,7.583333333333333,3
521,87,5,198.61697358716265,4
522,87,6,164.7893420997368,5
                 
                            
                             
                             
                             
                             
523,88,1,1825.0,0
524,88,2,0.865907235625922,1
525,88,3,0.9396248584218794,2
526,88,4,3.9210526315789473,3
527,88,5,157.62698285862416,4
528,88,6,136.49034498716583,5
                 
                             
                             
                             
                             
                            
529,89,1,1786.0,0
530,89,2,0.8819342556820232,1
531,89,3,0.8796058718034752,2
532,89,4,4.9655172413793105,3
533,89,5,134.40271429211384,4
534,89,6,152.3953893685382,5
                 
                             
                             
                             
                            
                             
535,90,1,1615.0,0
536,90,2,0.7184832115084823,1
537,90,3,0.8915850535233004,2
538,90,4,2.6862745098039214,3
539,90,5,157.5485503866114,4
540,90,6,113.19598845027849,5
                 
                             
                             
                            
                             
                             
541,91,1,2710.0,0
542,91,2,0.8522326102129391,1
543,91,3,0.9079678896659485,2
544,91,4,6.285714285714286,3
545,91,5,155.90648101872193,4
546,91,6,182.93888212018442,5
                 
                             
                             
              
                             
                             
547,92,1,2430.0,0
548,92,2,0.8829168845880303,1
549,92,3,0.9041651070605927,2
550,92,4,4.6,3
551,92,5,145.23303012742895,4
552,92,6,164.49230121496066,5
                 
                             
                             
                            
                             
                            
553,93,1,3483.0,0
554,93,2,0.8390237542441273,1
555,93,3,0.8959683393905826,2
556,93,4,4.780487804878049,3
557,93,5,206.01463024431177,4
558,93,6,172.8511684967982,5
                 
                             
                            
                            
                             
                             
559,94,1,1912.0,0
560,94,2,0.7877810769837508,1
561,94,3,0.937488971618708,2
562,94,4,7.571428571428571,3
563,94,5,172.32717469763338,4
564,94,6,135.75608727686858,5
                 
                             
                             
                           
                             
                             
565,95,1,2808.0,0
566,95,2,0.9453207342772904,1
567,95,3,0.9277957700216322,2
568,95,4,5.67741935483871,3
569,95,5,169.12146843386336,4
570,95,6,178.90379667082925,5
                 
                             
                             
                            
                             
                            
571,96,1,2872.0,0
572,96,2,0.8084303763877954,1
573,96,3,0.9153688526585801,2
574,96,4,4.918918918918919,3
575,96,5,156.28195437550607,4
576,96,6,193.3152921267017,5
                 
                             
                             
                            
                             
                             
577,97,1,2192.0,0
578,97,2,0.9860899554443926,1
579,97,3,0.9213636443752432,2
580,97,4,4.787878787878788,3
581,97,5,147.99317506403895,4
582,97,6,150.08080575908934,5
                 
                             
                            
                             
                             
                             
583,98,1,2871.0,0
584,98,2,0.7467338596459956,1
585,98,3,0.898908478886112,2
586,98,4,3.5576923076923075,3
587,98,5,152.32530139816436,4
588,98,6,203.98874301799742,5
                 
                             
                             
                            
                             
                             
589,99,1,2169.0,0
590,99,2,0.7044652204258639,1
591,99,3,0.9095351037067156,2
592,99,4,5.193548387096774,3
593,99,5,128.87407991725877,4
594,99,6,182.93888212018715,5
                  
                              
                              
                             
                              
                              
595,100,1,2524.0,0
596,100,2,0.7077024338421419,1
597,100,3,0.9154696262338721,2
598,100,4,5.181818181818182,3
599,100,5,138.13241435505552,4
600,100,6,195.18431440899485,5
                  
                              
                              
                             
                              
                              
601,101,1,2203.0,0
602,101,2,0.8344439467200416,1
603,101,3,0.9213922346843396,2
604,101,4,3.074074074074074,3
605,101,5,145.23303012742986,4
606,101,6,174.04767653753015,5
                  
                              
                             
               
                              
                              
607,102,1,2086.0,0
608,102,2,0.8907233151061119,1
609,102,3,1.004006014800691,2
610,102,4,4.8,3
611,102,5,170.01259108818294,4
612,102,6,151.43417874384613,5
                  
                              
                              
                             
                              
                             
613,103,1,2882.0,0
614,103,2,0.9079307420641312,1
615,103,3,0.9036432644547047,2
616,103,4,5.323529411764706,3
617,103,5,169.41850931863405,4
618,103,6,186.5984942127527,5
                  
                              
                              
                             
                              
                              
619,104,1,1129.0,0
620,104,2,0.9440955391090359,1
621,104,3,1.0056802506676323,2
622,104,4,4.607142857142857,3
623,104,5,119.91278636423131,4
624,104,6,127.01340213660546,5
                  
                             
                             
                             
                              
                              
625,105,1,2864.0,0
626,105,2,0.715052572297835,1
627,105,3,0.902025249225856,2
628,105,4,6.321428571428571,3
629,105,5,203.62161416284312,4
630,105,6,145.60015898257825,5
                  
                              
                              
                              
                              
                              
631,106,1,2871.0,0
632,106,2,0.7422225052837675,1
633,106,3,0.8927269793455723,2
634,106,4,4.6923076923076925,3
635,106,5,207.42974669780136,4
636,106,6,153.95902626441944,5
                  
                              
                              
                              
                              
                              
637,107,1,2331.0,0
638,107,2,0.9332412039617327,1
639,107,3,0.9360663974251943,2
640,107,4,3.3469387755102042,3
641,107,5,167.85487242275622,4
642,107,6,156.64908323065606,5
                  
                              
                             
                   
                              
                              
643,108,1,2529.0,0
644,108,2,0.7328193007490476,1
645,108,3,0.922431733612624,2
646,108,4,5.09375,3
647,108,5,181.36690072266873,4
648,108,6,132.90916536660802,5
                  
                              
                              
                             
                              
                              
649,109,1,2164.0,0
650,109,2,0.7889311392915875,1
651,109,3,0.9817755470581527,2
652,109,4,2.746031746031746,3
653,109,5,145.08450968504508,4
654,109,6,183.90009274487784,5
                  
                              
                              
                             
                              
                              
655,110,1,1555.0,0
656,110,2,0.7080605870929636,1
657,110,3,0.9261623029978036,2
658,110,4,3.186046511627907,3
659,110,5,111.55391908238926,4
660,110,6,157.54855038661117,5
                  
                              
                              
                             
                              
                              
661,111,1,2495.0,0
662,111,2,0.7235317602517277,1
663,111,3,0.9491062536462345,2
664,111,4,4.317073170731708,3
665,111,5,142.24593227642174,4
666,111,6,196.59943086248518,5
                  
                              
                              
                             
                              
                              
667,112,1,2107.0,0
668,112,2,0.8258751192703303,1
669,112,3,0.9297239881023408,2
670,112,4,4.967741935483871,3
671,112,5,163.37422564624148,4
672,112,6,134.92670809128754,5
                  
                              
                              
                             
                              
                             
673,113,1,1138.0,0
674,113,2,0.5988899944022682,1
675,113,3,0.9278040302523347,2
676,113,4,5.173913043478261,3
677,113,5,156.95446861706318,4
678,113,6,93.99846083148395,5
                  
                              
                              
                             
                             
                              
679,114,1,2008.0,0
680,114,2,0.7571752367884558,1
681,114,3,0.9452004692194749,2
682,114,4,3.659090909090909,3
683,114,5,132.6905569538494,4
684,114,6,175.24418457826732,5
                  
                              
                              
                             
                             
                              
685,115,1,1920.0,0
686,115,2,0.6888100249435195,1
687,115,3,0.9136279028996147,2
688,115,4,7.238095238095238,3
689,115,5,175.3927050206537,4
690,115,6,120.81225352018782,5
                  
                              
                              
                              
                              
                              
691,116,1,2878.0,0
692,116,2,0.8824142754387677,1
693,116,3,0.9081690521861919,2
694,116,4,3.0163934426229506,3
695,116,5,165.24324792853315,4
696,116,6,187.26266395267498,5
                  
                              
                             
                  
                             
                              
697,117,1,3715.0,0
698,117,2,0.8528648456831401,1
699,117,3,0.995507466679219,2
700,117,4,3.5625,3
701,117,5,228.2526546812112,4
702,117,6,194.66866511145827,5
                  
                              
                              
                              
                              
                              
703,118,1,3500.0,0
704,118,2,0.7120925796437626,1
705,118,3,0.9116484592513172,2
706,118,4,4.8604651162790695,3
707,118,5,237.51098911900976,4
708,118,6,169.12981293549728,5
                  
                              
                              
                
                              
                              
709,119,1,2753.0,0
710,119,2,0.7246222223012697,1
711,119,3,0.9250043688808128,2
712,119,4,6.25,3
713,119,5,197.12342466165774,4
714,119,6,142.84001404596734,5
                  
                              
                              
                             
                             
                             
715,120,1,2856.0,0
716,120,2,0.9957660598720798,1
717,120,3,0.9162919176849578,2
718,120,4,4.414634146341464,3
719,120,5,175.3927050206505,4
720,120,6,174.6501028087191,5
                  
                              
                             
                             
                              
                              
721,121,1,2673.0,0
722,121,2,0.7376541222668815,1
723,121,3,0.937683574943686,2
724,121,4,4.357142857142857,3
725,121,5,151.35574627183405,4
726,121,6,205.18525105872573,5
                  
                              
                              
                             
                              
                              
727,122,1,2784.0,0
728,122,2,0.9146236458959163,1
729,122,3,0.9057364047752419,2
730,122,4,6.535714285714286,3
731,122,5,187.93517819423437,4
732,122,6,171.88995787210933,5
                  
                              
                              
                             
                              
                              
733,123,1,2740.0,0
734,123,2,0.8345212288229865,1
735,123,3,0.9197144408028464,2
736,123,4,7.291666666666667,3
737,123,5,155.53100766193847,4
738,123,6,186.37154129835653,5
                  
                              
                              
                             
                             
                              
739,124,1,2656.0,0
740,124,2,0.8629567826024869,1
741,124,3,0.8771943731635977,2
742,124,4,6.481481481481482,3
743,124,5,158.0641996841423,4
744,124,6,183.16583503458378,5
                  
                              
                              
                              
                              
                              
745,125,1,2609.0,0
746,125,2,0.7204440944836801,1
747,125,3,0.9515419186724501,2
748,125,4,3.9555555555555557,3
749,125,5,196.30238997770948,4
750,125,6,141.42489759247314,5
                  
                              
                              
                
                              
                             
751,126,1,1389.0,0
752,126,2,0.8241520295317144,1
753,126,3,0.9763501765872209,2
754,126,4,5.32,3
755,126,5,120.06130680661909,4
756,126,6,145.6785914545867,5
                  
                              
                              
                             
                             
                             
757,127,1,3520.0,0
758,127,2,0.8332919325421976,1
759,127,3,0.9753368472828785,2
760,127,4,3.090909090909091,3
761,127,5,179.1307495852284,4
762,127,6,214.9675792956957,5
                  
                              
                              
                              
                              
                             
763,128,1,2323.0,0
764,128,2,0.9491543141102448,1
765,128,3,0.9041969894867038,2
766,128,4,3.1538461538461537,3
767,128,5,151.80130759899248,4
768,128,6,159.9332219664343,5
                  
                              
                              
                             
                              
                              
769,129,1,2870.0,0
770,129,2,0.7099786369063085,1
771,129,3,0.9290081680186112,2
772,129,4,5.114285714285714,3
773,129,5,146.42119366652105,4
774,129,6,206.23323865707152,5
                  
                              
                              
                              
                              
                              
775,130,1,3456.0,0
776,130,2,0.6686294145997622,1
777,130,3,1.1729392862316077,2
778,130,4,3.4705882352941178,3
779,130,5,170.54492938898966,4
780,130,6,255.06644736991848,5
                  
                              
                              
                             
                              
                             
781,131,1,2855.0,0
782,131,2,0.6459032952571063,1
783,131,3,0.9074753571542774,2
784,131,4,5.484848484848484,3
785,131,5,138.65640815423149,4
786,131,6,214.6705384109216,5
                  
                              
                              
                             
                              
                              
787,132,1,1876.0,0
788,132,2,0.8394450476270336,1
789,132,3,0.9163129655168942,2
790,132,4,4.235294117647059,3
791,132,5,131.56413688349312,4
792,132,6,156.72751570266837,5
                  
                              
                             
               
                              
                              
793,133,1,3147.0,0
794,133,2,0.6792882640436865,1
795,133,3,0.922989939806873,2
796,133,4,3.0,3
797,133,5,152.77086272532688,4
798,133,6,224.89842797505162,5
                  
                              
                              
                             
                              
                              
799,134,1,2104.0,0
800,134,2,0.6374086852272143,1
801,134,3,0.9115332103308162,2
802,134,4,5.517241379310345,3
803,134,5,122.60284333046701,4
804,134,6,192.34573700037254,5
                  
                              
                              
                              
                             
                              
805,135,1,2286.0,0
806,135,2,0.8319999253112169,1
807,135,3,0.9018843736007597,2
808,135,4,3.4166666666666665,3
809,135,5,144.5605158858708,4
810,135,6,173.75063565275764,5
                  
                              
                              
                             
                              
                              
811,136,1,1809.0,0
812,136,2,0.9386192989440838,1
813,136,3,0.9305500283477476,2
814,136,4,2.826923076923077,3
815,136,5,140.37690999413076,4
816,136,6,149.55681195991838,5
                  
                              
                              
                             
                              
                              
817,137,1,1940.0,0
818,137,2,0.8699172300533278,1
819,137,3,0.8824804330605981,2
820,137,4,5.357142857142857,3
821,137,5,156.64908323065174,4
822,137,6,136.27173657440176,5
                  
                              
                              
                             
                             
                             
823,138,1,3728.0,0
824,138,2,0.9126428095689365,1
825,138,3,0.9268134748466963,2
826,138,4,6.242424242424242,3
827,138,5,194.3549352234054,4
828,138,6,212.9583810726608,5
                  
                             
                             
                             
                              
                              
829,139,1,1752.0,0
830,139,2,0.928961809949047,1
831,139,3,0.960748205354259,2
832,139,4,4.083333333333333,3
833,139,5,147.17214038009192,4
834,139,6,136.71729790156542,5
                  
                              
                              
               
                              
                             
835,140,1,2015.0,0
836,140,2,0.8074791895292838,1
837,140,3,0.9263067598282619,2
838,140,4,3.0,3
839,140,5,138.36771177109654,4
840,140,6,171.3576195712949,5
                  
                              
                              
                              
                              
                              
841,141,1,1466.0,0
842,141,2,0.9106620435337716,1
843,141,3,0.9816268649821828,2
844,141,4,2.5714285714285716,3
845,141,5,148.89264221999883,4
846,141,6,135.59087783120685,5
